  0.0250  0.00000
  0.0750  0.00000
  0.1250  0.00000
  0.1750  0.00000
  0.2250  0.00000
  0.2750  0.00000
  0.3250  0.00000
  0.3750  0.00000
  0.4250  0.00000
  0.4750  0.00000
  0.5250  0.00000
  0.5750  0.00000
  0.6250  0.00000
  0.6750  0.00000
  0.7250  0.00000
  0.7750  0.00000
  0.8250  0.00000
  0.8750  0.00000
  0.9250  0.00000
  0.9750  0.00000
  1.0250  0.00000
  1.0750  0.00000
  1.1250  0.00000
  1.1750  0.00000
  1.2250  0.00000
  1.2750  0.00000
  1.3250  0.00000
  1.3750  0.00007
  1.4250  0.00021
  1.4750  0.00075
  1.5250  0.00104
  1.5750  0.00282
  1.6250  0.00687
  1.6750  0.01123
  1.7250  0.01867
  1.7750  0.02593
  1.8250  0.03929
  1.8750  0.05039
  1.9250  0.06285
  1.9750  0.07239
  2.0250  0.08006
  2.0750  0.09511
  2.1250  0.10815
  2.1750  0.11558
  2.2250  0.12718
  2.2750  0.13623
  2.3250  0.14773
  2.3750  0.16192
  2.4250  0.16663
  2.4750  0.17180
  2.5250  0.17805
  2.5750  0.18652
  2.6250  0.18901
  2.6750  0.19774
  2.7250  0.20024
  2.7750  0.20518
  2.8250  0.20447
  2.8750  0.20430
  2.9250  0.21533
  2.9750  0.22073
  3.0250  0.22429
  3.0750  0.22546
  3.1250  0.22619
  3.1750  0.22426
  3.2250  0.23285
  3.2750  0.23063
  3.3250  0.23170
  3.3750  0.23281
  3.4250  0.23461
  3.4750  0.23248
  3.5250  0.23551
  3.5750  0.23317
  3.6250  0.24081
  3.6750  0.23839
  3.7250  0.24135
  3.7750  0.24493
  3.8250  0.23983
  3.8750  0.24397
  3.9250  0.24282
  3.9750  0.24597
  4.0250  0.24330
  4.0750  0.24692
  4.1250  0.24478
  4.1750  0.25027
  4.2250  0.25158
  4.2750  0.24594
  4.3250  0.24517
  4.3750  0.24264
  4.4250  0.24286
  4.4750  0.24537
  4.5250  0.24380
  4.5750  0.24317
  4.6250  0.24191
  4.6750  0.24156
  4.7250  0.24254
  4.7750  0.24492
  4.8250  0.24269
  4.8750  0.23958
  4.9250  0.24002
  4.9750  0.23893
  5.0250  0.23725
  5.0750  0.23802
  5.1250  0.23780
  5.1750  0.23426
  5.2250  0.23508
  5.2750  0.23190
  5.3250  0.23378
  5.3750  0.23230
  5.4250  0.23311
  5.4750  0.23036
  5.5250  0.22940
  5.5750  0.22835
  5.6250  0.22800
  5.6750  0.22693
  5.7250  0.22704
  5.7750  0.22692
  5.8250  0.22370
  5.8750  0.22531
  5.9250  0.22329
  5.9750  0.22139
  6.0250  0.22132
  6.0750  0.22022
  6.1250  0.21909
  6.1750  0.22160
  6.2250  0.21984
  6.2750  0.21824
  6.3250  0.21545
  6.3750  0.21715
  6.4250  0.21297
  6.4750  0.21245
  6.5250  0.20991
  6.5750  0.21486
  6.6250  0.21340
  6.6750  0.21366
  6.7250  0.21135
  6.7750  0.21199
  6.8250  0.21091
  6.8750  0.21202
  6.9250  0.21095
  6.9750  0.21090
  7.0250  0.21131
  7.0750  0.21022
  7.1250  0.20725
  7.1750  0.20567
  7.2250  0.20605
  7.2750  0.20686
  7.3250  0.20606
  7.3750  0.20480
  7.4250  0.20391
  7.4750  0.20583
  7.5250  0.20243
  7.5750  0.20149
  7.6250  0.20334
  7.6750  0.20474
  7.7250  0.20383
  7.7750  0.19816
  7.8250  0.19883
  7.8750  0.19780
  7.9250  0.19629
  7.9750  0.19878
  8.0250  0.19728
  8.0750  0.19732
  8.1250  0.19694
  8.1750  0.19395
  8.2250  0.19731
  8.2750  0.19728
  8.3250  0.19399
  8.3750  0.19394
  8.4250  0.19444
  8.4750  0.19418
  8.5250  0.19210
  8.5750  0.19210
  8.6250  0.19572
  8.6750  0.18993
  8.7250  0.19087
  8.7750  0.18981
  8.8250  0.18902
  8.8750  0.18635
  8.9250  0.18643
  8.9750  0.18648
  9.0250  0.18766
  9.0750  0.18220
  9.1250  0.18401
  9.1750  0.18152
  9.2250  0.18158
  9.2750  0.18243
  9.3250  0.18049
  9.3750  0.18180
  9.4250  0.18244
  9.4750  0.17943
  9.5250  0.18114
  9.5750  0.17949
  9.6250  0.18015
  9.6750  0.17883
  9.7250  0.17978
  9.7750  0.17738
  9.8250  0.17647
  9.8750  0.17775
  9.9250  0.17978
  9.9750  0.17734
 10.0250  0.17600
 10.0750  0.17463
 10.1250  0.17421
 10.1750  0.17214
 10.2250  0.17318
 10.2750  0.17467
 10.3250  0.17270
 10.3750  0.17233
 10.4250  0.17079
 10.4750  0.17154
 10.5250  0.17173
 10.5750  0.17107
 10.6250  0.17080
 10.6750  0.16874
 10.7250  0.17055
 10.7750  0.16932
 10.8250  0.16979
 10.8750  0.16869
 10.9250  0.16846
 10.9750  0.16480
 11.0250  0.16773
 11.0750  0.16715
 11.1250  0.16626
 11.1750  0.16550
 11.2250  0.16729
 11.2750  0.16373
 11.3250  0.16415
 11.3750  0.16489
 11.4250  0.16264
 11.4750  0.16314
 11.5250  0.16215
 11.5750  0.16013
 11.6250  0.16338
 11.6750  0.16186
 11.7250  0.16248
 11.7750  0.16146
 11.8250  0.16044
 11.8750  0.16194
 11.9250  0.16181
 11.9750  0.15903
 12.0250  0.15953
 12.0750  0.16191
 12.1250  0.15950
 12.1750  0.16012
 12.2250  0.15917
 12.2750  0.15910
 12.3250  0.15885
 12.3750  0.15806
 12.4250  0.15857
 12.4750  0.15712
 12.5250  0.15921
 12.5750  0.16064
 12.6250  0.16109
 12.6750  0.15943
 12.7250  0.15782
 12.7750  0.15933
 12.8250  0.15590
 12.8750  0.15867
 12.9250  0.15875
 12.9750  0.15709
 13.0250  0.15884
 13.0750  0.15582
 13.1250  0.15560
 13.1750  0.15517
 13.2250  0.15703
 13.2750  0.15491
 13.3250  0.15604
 13.3750  0.15708
 13.4250  0.15864
 13.4750  0.15650
 13.5250  0.15573
 13.5750  0.15540
 13.6250  0.15516
 13.6750  0.15720
 13.7250  0.15658
 13.7750  0.15555
 13.8250  0.15551
 13.8750  0.15331
 13.9250  0.15572
 13.9750  0.15642
 14.0250  0.15848
 14.0750  0.15520
 14.1250  0.15682
 14.1750  0.15841
 14.2250  0.15763
 14.2750  0.15904
 14.3250  0.15582
 14.3750  0.15600
 14.4250  0.15709
 14.4750  0.15858
 14.5250  0.15706
 14.5750  0.15750
 14.6250  0.15792
 14.6750  0.15807
 14.7250  0.15705
 14.7750  0.16074
 14.8250  0.15972
 14.8750  0.16014
 14.9250  0.15985
 14.9750  0.15941
 15.0250  0.15870
 15.0750  0.16010
 15.1250  0.15884
 15.1750  0.15910
 15.2250  0.15865
 15.2750  0.16165
 15.3250  0.15747
 15.3750  0.16014
 15.4250  0.16080
 15.4750  0.16324
 15.5250  0.16298
 15.5750  0.16334
 15.6250  0.16168
 15.6750  0.16270
 15.7250  0.16281
 15.7750  0.16376
 15.8250  0.16282
 15.8750  0.16353
 15.9250  0.16375
 15.9750  0.16330
 16.0250  0.16538
 16.0750  0.16485
 16.1250  0.16565
 16.1750  0.16257
 16.2250  0.16486
 16.2750  0.16599
 16.3250  0.16401
 16.3750  0.16336
 16.4250  0.16342
 16.4750  0.16163
 16.5250  0.16342
 16.5750  0.16304
 16.6250  0.16139
 16.6750  0.16166
 16.7250  0.16069
 16.7750  0.16116
 16.8250  0.16018
 16.8750  0.16448
 16.9250  0.16029
 16.9750  0.16322
 17.0250  0.16205
 17.0750  0.16336
 17.1250  0.16437
 17.1750  0.16206
 17.2250  0.16452
 17.2750  0.16400
 17.3250  0.16337
 17.3750  0.16348
 17.4250  0.16229
 17.4750  0.16557
 17.5250  0.16939
 17.5750  0.16790
 17.6250  0.16934
 17.6750  0.16890
 17.7250  0.16978
 17.7750  0.17189
 17.8250  0.16831
 17.8750  0.16990
 17.9250  0.16946
 17.9750  0.17166
 18.0250  0.17179
 18.0750  0.17147
 18.1250  0.17076
 18.1750  0.16862
 18.2250  0.16897
 18.2750  0.17001
 18.3250  0.16897
 18.3750  0.16583
 18.4250  0.16744
 18.4750  0.17077
 18.5250  0.16589
 18.5750  0.16567
 18.6250  0.16574
 18.6750  0.16795
 18.7250  0.16832
 18.7750  0.16444
 18.8250  0.16724
 18.8750  0.16607
 18.9250  0.16427
 18.9750  0.16450
 19.0250  0.16341
 19.0750  0.16340
 19.1250  0.16441
 19.1750  0.16458
 19.2250  0.16209
 19.2750  0.16404
 19.3250  0.16363
 19.3750  0.16577
 19.4250  0.16426
 19.4750  0.16661
 19.5250  0.16897
 19.5750  0.16822
 19.6250  0.16574
 19.6750  0.16275
 19.7250  0.16195
 19.7750  0.16118
 19.8250  0.16084
 19.8750  0.15904
 19.9250  0.16057
 19.9750  0.00000