# p + 181Ta   : (p,3np)           Total
# Q-value    =-2.20543E+01
# E-threshold= 2.21770E+01
# # energies =    54
#     E          xs       gamma xs  xs/res.prod.xs
 1.00000E-03 0.00000E+00 0.00000E+00 0.00000E+00
 2.00000E-03 0.00000E+00 0.00000E+00 0.00000E+00
 5.00000E-03 0.00000E+00 0.00000E+00 0.00000E+00
 1.00000E-02 0.00000E+00 0.00000E+00 0.00000E+00
 2.00000E-02 0.00000E+00 0.00000E+00 0.00000E+00
 5.00000E-02 0.00000E+00 0.00000E+00 0.00000E+00
 1.00000E-01 0.00000E+00 0.00000E+00 0.00000E+00
 2.00000E-01 0.00000E+00 0.00000E+00 0.00000E+00
 5.00000E-01 0.00000E+00 0.00000E+00 0.00000E+00
 1.00000E+00 0.00000E+00 0.00000E+00 0.00000E+00
 2.00000E+00 0.00000E+00 0.00000E+00 0.00000E+00
 3.00000E+00 0.00000E+00 0.00000E+00 0.00000E+00
 4.00000E+00 0.00000E+00 0.00000E+00 0.00000E+00
 5.00000E+00 0.00000E+00 0.00000E+00 0.00000E+00
 6.00000E+00 0.00000E+00 0.00000E+00 0.00000E+00
 7.00000E+00 0.00000E+00 0.00000E+00 0.00000E+00
 8.00000E+00 0.00000E+00 0.00000E+00 0.00000E+00
 9.00000E+00 0.00000E+00 0.00000E+00 0.00000E+00
 1.00000E+01 0.00000E+00 0.00000E+00 0.00000E+00
 1.10000E+01 0.00000E+00 0.00000E+00 0.00000E+00
 1.20000E+01 0.00000E+00 0.00000E+00 0.00000E+00
 1.30000E+01 0.00000E+00 0.00000E+00 0.00000E+00
 1.40000E+01 0.00000E+00 0.00000E+00 0.00000E+00
 1.50000E+01 0.00000E+00 0.00000E+00 0.00000E+00
 1.60000E+01 0.00000E+00 0.00000E+00 0.00000E+00
 1.70000E+01 0.00000E+00 0.00000E+00 0.00000E+00
 1.80000E+01 0.00000E+00 0.00000E+00 0.00000E+00
 1.90000E+01 0.00000E+00 0.00000E+00 0.00000E+00
 2.00000E+01 0.00000E+00 0.00000E+00 0.00000E+00
 2.20000E+01 0.00000E+00 0.00000E+00 0.00000E+00
 2.40000E+01 6.63837E-09 1.73691E-09 2.94065E-08
 2.60000E+01 4.95326E-05 4.30537E-05 5.38580E-05
 2.80000E+01 1.69339E-02 3.16587E-02 8.18852E-03
 3.00000E+01 3.65247E-01 8.03043E-01 9.07371E-02
 3.50000E+01 1.28381E+01 3.75193E+01 5.42126E-01
 4.00000E+01 4.85493E+01 1.82677E+02 7.17071E-01
 4.50000E+01 9.15525E+01 3.74154E+02 7.86529E-01
 5.00000E+01 1.15916E+02 4.99106E+02 8.14568E-01
 5.50000E+01 1.25134E+02 5.40258E+02 8.28167E-01
 6.00000E+01 1.34626E+02 5.72289E+02 8.45658E-01
 6.50000E+01 1.38922E+02 5.81263E+02 8.57035E-01
 7.00000E+01 1.34577E+02 5.63484E+02 8.66198E-01
 7.50000E+01 1.37476E+02 5.62030E+02 8.75461E-01
 8.00000E+01 1.36320E+02 5.55769E+02 8.85282E-01
 9.00000E+01 1.33831E+02 5.37764E+02 9.06973E-01
 1.00000E+02 1.28637E+02 5.08874E+02 9.21648E-01
 1.10000E+02 1.21499E+02 4.81948E+02 9.34265E-01
 1.20000E+02 1.19059E+02 4.61121E+02 9.44788E-01
 1.30000E+02 1.13655E+02 4.45872E+02 9.52033E-01
 1.40000E+02 1.09397E+02 4.18191E+02 9.57885E-01
 1.50000E+02 1.04717E+02 4.04977E+02 9.62323E-01
 1.60000E+02 9.98155E+01 3.78448E+02 9.66220E-01
 1.80000E+02 9.28318E+01 3.52930E+02 9.71917E-01
 2.00000E+02 8.61664E+01 3.22997E+02 9.75897E-01
