# p + 181Ta   : (p,3n3a)          Total
# Q-value    =-9.34686E+00
# E-threshold= 9.39889E+00
# # energies =    54
#     E          xs       gamma xs  xs/res.prod.xs
 1.00000E-03 0.00000E+00 0.00000E+00 0.00000E+00
 2.00000E-03 0.00000E+00 0.00000E+00 0.00000E+00
 5.00000E-03 0.00000E+00 0.00000E+00 0.00000E+00
 1.00000E-02 0.00000E+00 0.00000E+00 0.00000E+00
 2.00000E-02 0.00000E+00 0.00000E+00 0.00000E+00
 5.00000E-02 0.00000E+00 0.00000E+00 0.00000E+00
 1.00000E-01 0.00000E+00 0.00000E+00 0.00000E+00
 2.00000E-01 0.00000E+00 0.00000E+00 0.00000E+00
 5.00000E-01 0.00000E+00 0.00000E+00 0.00000E+00
 1.00000E+00 0.00000E+00 0.00000E+00 0.00000E+00
 2.00000E+00 0.00000E+00 0.00000E+00 0.00000E+00
 3.00000E+00 0.00000E+00 0.00000E+00 0.00000E+00
 4.00000E+00 0.00000E+00 0.00000E+00 0.00000E+00
 5.00000E+00 0.00000E+00 0.00000E+00 0.00000E+00
 6.00000E+00 0.00000E+00 0.00000E+00 0.00000E+00
 7.00000E+00 0.00000E+00 0.00000E+00 0.00000E+00
 8.00000E+00 0.00000E+00 0.00000E+00 0.00000E+00
 9.00000E+00 0.00000E+00 0.00000E+00 0.00000E+00
 1.00000E+01 0.00000E+00 0.00000E+00 0.00000E+00
 1.10000E+01 0.00000E+00 0.00000E+00 0.00000E+00
 1.20000E+01 0.00000E+00 0.00000E+00 0.00000E+00
 1.30000E+01 0.00000E+00 0.00000E+00 0.00000E+00
 1.40000E+01 0.00000E+00 0.00000E+00 0.00000E+00
 1.50000E+01 0.00000E+00 0.00000E+00 0.00000E+00
 1.60000E+01 0.00000E+00 0.00000E+00 0.00000E+00
 1.70000E+01 0.00000E+00 0.00000E+00 0.00000E+00
 1.80000E+01 0.00000E+00 0.00000E+00 0.00000E+00
 1.90000E+01 0.00000E+00 0.00000E+00 0.00000E+00
 2.00000E+01 0.00000E+00 0.00000E+00 0.00000E+00
 2.20000E+01 0.00000E+00 0.00000E+00 0.00000E+00
 2.40000E+01 0.00000E+00 0.00000E+00 0.00000E+00
 2.60000E+01 0.00000E+00 0.00000E+00 0.00000E+00
 2.80000E+01 0.00000E+00 0.00000E+00 0.00000E+00
 3.00000E+01 0.00000E+00 0.00000E+00 0.00000E+00
 3.50000E+01 0.00000E+00 0.00000E+00 0.00000E+00
 4.00000E+01 4.39132E-20 1.66243E-21 0.00000E+00
 4.50000E+01 2.11419E-16 8.65694E-18 0.00000E+00
 5.00000E+01 4.58445E-12 1.37609E-11 9.99996E-01
 5.50000E+01 7.41291E-10 2.73486E-09 9.99995E-01
 6.00000E+01 2.79358E-08 1.24432E-07 9.99992E-01
 6.50000E+01 2.51820E-07 1.38842E-06 9.99985E-01
 7.00000E+01 8.21189E-07 5.47838E-06 9.99966E-01
 7.50000E+01 1.13373E-06 8.63038E-06 9.99851E-01
 8.00000E+01 1.05241E-06 8.87986E-06 9.97808E-01
 9.00000E+01 7.40672E-07 6.07166E-06 6.28107E-01
 1.00000E+02 5.87953E-07 4.11480E-06 1.32724E-01
 1.10000E+02 5.27041E-07 3.47193E-06 3.64379E-02
 1.20000E+02 4.33536E-07 2.92012E-06 1.31777E-02
 1.30000E+02 2.48734E-07 1.73838E-06 5.60939E-03
 1.40000E+02 1.45104E-07 1.00857E-06 2.38987E-03
 1.50000E+02 9.87425E-08 6.62159E-07 1.14203E-03
 1.60000E+02 6.96617E-08 4.54517E-07 5.04821E-04
 1.80000E+02 3.66868E-08 2.33113E-07 1.52138E-04
 2.00000E+02 2.71219E-08 1.70114E-07 5.14664E-05
