# p + 181Ta   : (p,2n2a)          Total
# Q-value    =-2.88636E+00
# E-threshold= 2.90243E+00
# # energies =    54
#     E          xs       gamma xs  xs/res.prod.xs
 1.00000E-03 0.00000E+00 0.00000E+00 0.00000E+00
 2.00000E-03 0.00000E+00 0.00000E+00 0.00000E+00
 5.00000E-03 0.00000E+00 0.00000E+00 0.00000E+00
 1.00000E-02 0.00000E+00 0.00000E+00 0.00000E+00
 2.00000E-02 0.00000E+00 0.00000E+00 0.00000E+00
 5.00000E-02 0.00000E+00 0.00000E+00 0.00000E+00
 1.00000E-01 0.00000E+00 0.00000E+00 0.00000E+00
 2.00000E-01 0.00000E+00 0.00000E+00 0.00000E+00
 5.00000E-01 0.00000E+00 0.00000E+00 0.00000E+00
 1.00000E+00 0.00000E+00 0.00000E+00 0.00000E+00
 2.00000E+00 0.00000E+00 0.00000E+00 0.00000E+00
 3.00000E+00 0.00000E+00 0.00000E+00 0.00000E+00
 4.00000E+00 0.00000E+00 0.00000E+00 0.00000E+00
 5.00000E+00 0.00000E+00 0.00000E+00 0.00000E+00
 6.00000E+00 0.00000E+00 0.00000E+00 0.00000E+00
 7.00000E+00 0.00000E+00 0.00000E+00 0.00000E+00
 8.00000E+00 0.00000E+00 0.00000E+00 0.00000E+00
 9.00000E+00 0.00000E+00 0.00000E+00 0.00000E+00
 1.00000E+01 0.00000E+00 0.00000E+00 0.00000E+00
 1.10000E+01 0.00000E+00 0.00000E+00 0.00000E+00
 1.20000E+01 0.00000E+00 0.00000E+00 0.00000E+00
 1.30000E+01 0.00000E+00 0.00000E+00 0.00000E+00
 1.40000E+01 0.00000E+00 0.00000E+00 0.00000E+00
 1.50000E+01 0.00000E+00 0.00000E+00 0.00000E+00
 1.60000E+01 0.00000E+00 0.00000E+00 0.00000E+00
 1.70000E+01 7.55025E-20 8.19531E-22 0.00000E+00
 1.80000E+01 8.95545E-19 1.32789E-20 0.00000E+00
 1.90000E+01 2.34428E-17 4.19235E-19 0.00000E+00
 2.00000E+01 4.73160E-16 1.04813E-17 0.00000E+00
 2.20000E+01 7.27700E-14 2.43681E-15 0.00000E+00
 2.40000E+01 3.63375E-11 6.34745E-11 9.99977E-01
 2.60000E+01 9.60919E-10 1.79433E-09 9.99981E-01
 2.80000E+01 1.21460E-08 2.47781E-08 9.99980E-01
 3.00000E+01 9.06922E-08 2.07879E-07 9.99980E-01
 3.50000E+01 6.37549E-06 2.09700E-05 9.99984E-01
 4.00000E+01 1.47278E-04 6.58650E-04 9.99980E-01
 4.50000E+01 7.71022E-04 4.47558E-03 9.99960E-01
 5.00000E+01 1.32666E-03 9.60643E-03 9.99895E-01
 5.50000E+01 1.38851E-03 1.13160E-02 9.99590E-01
 6.00000E+01 1.25951E-03 1.08437E-02 9.91947E-01
 6.50000E+01 1.07828E-03 9.35973E-03 8.91424E-01
 7.00000E+01 9.75979E-04 8.31510E-03 5.93518E-01
 7.50000E+01 8.82244E-04 7.27612E-03 2.99357E-01
 8.00000E+01 6.90568E-04 5.29738E-03 1.28750E-01
 9.00000E+01 3.77984E-04 2.52896E-03 3.28751E-02
 1.00000E+02 2.28242E-04 1.44991E-03 1.37078E-02
 1.10000E+02 1.34618E-04 8.38824E-04 6.64372E-03
 1.20000E+02 9.86533E-05 5.90224E-04 3.20699E-03
 1.30000E+02 7.49852E-05 4.36245E-04 1.46510E-03
 1.40000E+02 5.74267E-05 3.29497E-04 6.50746E-04
 1.50000E+02 4.39247E-05 2.51491E-04 3.33345E-04
 1.60000E+02 3.48620E-05 1.98899E-04 1.93315E-04
 1.80000E+02 2.23752E-05 1.24292E-04 8.06682E-05
 2.00000E+02 1.51246E-05 8.25085E-05 4.59048E-05
